//  ”√”⁄√ÊÃﬁ≥˝
// Back face
-0.5 -0.5 -0.5  0.0 0.0 -1.0  0.0 0.0 // Bottom-left
 0.5  0.5 -0.5  0.0 0.0 -1.0  1.0 1.0 // top-right
 0.5 -0.5 -0.5  0.0 0.0 -1.0  1.0 0.0 // bottom-right         
 0.5  0.5 -0.5  0.0 0.0 -1.0  1.0 1.0 // top-right
-0.5 -0.5 -0.5  0.0 0.0 -1.0  0.0 0.0 // bottom-left
-0.5  0.5 -0.5  0.0 0.0 -1.0  0.0 1.0 // top-left

// Front face
-0.5 -0.5  0.5  0.0 0.0  1.0  0.0 0.0 // bottom-left
 0.5 -0.5  0.5  0.0 0.0  1.0  1.0 0.0 // bottom-right
 0.5  0.5  0.5  0.0 0.0  1.0  1.0 1.0 // top-right
 0.5  0.5  0.5  0.0 0.0  1.0  1.0 1.0 // top-right
-0.5  0.5  0.5  0.0 0.0  1.0  0.0 1.0 // top-left
-0.5 -0.5  0.5  0.0 0.0  1.0  0.0 0.0 // bottom-left

// Left face
-0.5  0.5  0.5 -1.0 0.0  0.0  1.0 0.0 // top-right
-0.5  0.5 -0.5 -1.0 0.0  0.0  1.0 1.0 // top-left
-0.5 -0.5 -0.5 -1.0 0.0  0.0  0.0 1.0 // bottom-left
-0.5 -0.5 -0.5 -1.0 0.0  0.0  0.0 1.0 // bottom-left
-0.5 -0.5  0.5 -1.0 0.0  0.0  0.0 0.0 // bottom-right
-0.5  0.5  0.5 -1.0 0.0  0.0  1.0 0.0 // top-right

// Right face
0.5  0.5  0.5  1.0 0.0  0.0  1.0 0.0 // top-left
0.5 -0.5 -0.5  0.0 1.0  0.0  0.0 1.0 // bottom-right
0.5  0.5 -0.5  1.0 1.0  0.0  1.0 1.0 // top-right         
0.5 -0.5 -0.5  0.0 1.0  0.0  0.0 1.0 // bottom-right
0.5  0.5  0.5  1.0 0.0  0.0  1.0 0.0 // top-left
0.5 -0.5  0.5  0.0 0.0  0.0  0.0 0.0 // bottom-left

// Bottom face
-0.5 -0.5 -0.5  0.0 1.0  0.0  0.0 1.0 // top-right
0.5 -0.5 -0.5  1.0 1.0  0.0  1.0 1.0 // top-left
0.5 -0.5  0.5  1.0 0.0  0.0  1.0 0.0 // bottom-left
0.5 -0.5  0.5  1.0 0.0  0.0  1.0 0.0 // bottom-left
-0.5 -0.5  0.5  0.0 0.0  0.0  0.0 0.0 // bottom-right
-0.5 -0.5 -0.5  0.0 1.0  0.0  0.0 1.0 // top-right

// Top face
-0.5  0.5 -0.5  0.0 1.0  0.0  0.0 1.0 // top-left
0.5  0.5  0.5  1.0 0.0  0.0  1.0 0.0 // bottom-right
0.5  0.5 -0.5  1.0 1.0  0.0  1.0 1.0 // top-right     
0.5  0.5  0.5  1.0 0.0  0.0  1.0 0.0 // bottom-right
-0.5  0.5 -0.5  0.0 1.0  0.0  0.0 1.0 // top-left
-0.5  0.5  0.5  0.0 0.0  0.0  0.0 0.0f  // bottom-left    
