//不适用于面剔除
// Back face
-0.5   -0.5   -0.5    0.0    0.0   -1.0    0.0    0.0  
 0.5   -0.5   -0.5    0.0    0.0   -1.0    1.0    0.0  
 0.5    0.5   -0.5    0.0    0.0   -1.0    1.0    1.0  
 0.5    0.5   -0.5    0.0    0.0   -1.0    1.0    1.0  
 -0.5    0.5   -0.5    0.0    0.0   -1.0    0.0    1.0  
 -0.5   -0.5   -0.5    0.0    0.0   -1.0    0.0    0.0  

 // Front face
  -0.5   -0.5    0.5    0.0    0.0    1.0    0.0    0.0  
 0.5   -0.5    0.5    0.0    0.0    1.0    1.0    0.0  
 0.5    0.5    0.5    0.0    0.0    1.0    1.0    1.0  
 0.5    0.5    0.5    0.0    0.0    1.0    1.0    1.0  
 -0.5    0.5    0.5    0.0    0.0    1.0    0.0    1.0  
 -0.5   -0.5    0.5    0.0    0.0    1.0    0.0    0.0  

 // Left face
  -0.5    0.5    0.5   -1.0    0.0    0.0    1.0    0.0  
 -0.5    0.5   -0.5   -1.0    0.0    0.0    1.0    1.0  
 -0.5   -0.5   -0.5   -1.0    0.0    0.0    0.0    1.0  
 -0.5   -0.5   -0.5   -1.0    0.0    0.0    0.0    1.0  
 -0.5   -0.5    0.5   -1.0    0.0    0.0    0.0    0.0  
 -0.5    0.5    0.5   -1.0    0.0    0.0    1.0    0.0  

 // Right face
  0.5    0.5    0.5    1.0    0.0    0.0    1.0    0.0  
 0.5    0.5   -0.5    1.0    0.0    0.0    1.0    1.0  
 0.5   -0.5   -0.5    1.0    0.0    0.0    0.0    1.0  
 0.5   -0.5   -0.5    1.0    0.0    0.0    0.0    1.0  
 0.5   -0.5    0.5    1.0    0.0    0.0    0.0    0.0  
 0.5    0.5    0.5    1.0    0.0    0.0    1.0    0.0 

 // Bottom face
  -0.5   -0.5   -0.5    0.0   -1.0    0.0    0.0    1.0  
 0.5   -0.5   -0.5    0.0   -1.0    0.0    1.0    1.0  
 0.5   -0.5    0.5    0.0   -1.0    0.0    1.0    0.0  
 0.5   -0.5    0.5    0.0   -1.0    0.0    1.0    0.0  
 -0.5   -0.5    0.5    0.0   -1.0    0.0    0.0    0.0  
 -0.5   -0.5   -0.5    0.0   -1.0    0.0    0.0    1.0 

 // Top face
  -0.5    0.5   -0.5    0.0    1.0    0.0    0.0    1.0  
 0.5    0.5   -0.5    0.0    1.0    0.0    1.0    1.0  
 0.5    0.5    0.5    0.0    1.0    0.0    1.0    0.0  
 0.5    0.5    0.5    0.0    1.0    0.0    1.0    0.0  
 -0.5    0.5    0.5    0.0    1.0    0.0    0.0    0.0  
 -0.5    0.5   -0.5    0.0    1.0    0.0    0.0    1.0 